1,0.541836184,0,0,0,0,0,0,0,0,0,0,0,0,0,0,0,0,0,0,0,0,0,0,0,0,0,0,0,0,0,0,0,0,0,0,0,0,0,0,0,0,0,0,0,0,0,0,0,0,0,0,0,0,0,0,0,0,0,0,0,0,0,0,0,0,0,0,0,0,0.277720827,0.150929967,0,0,0,0,0,0,0,0,0,0,0,0.113237373,0,0,0,0,0,0,0,0,0,0,0,0,0,0,0,0,0,0,0,0,0,0,0,0,0,0,0,0,0,0,0,0.229524963,0,0,0,0,0,0.148045952,0,0,0,0,0,0,0,0,0,0,0,0,0,0,0,0,0,0,0,0,0,0,0,0,0,0,0.166851623,0.141722218,0,0,0,0,0,0,0,0,0,0,0,0,0,0.144033093,0,0,0,0,0,0,0,0,0,0,0,0,0,0,0,0,0,0,0,0,0,0,0,0,0,0,0,0,0,0,0,0,0,0,0,0,0.508472194,0.120265405
0.541836184,1,0.036427622,0.035884164,0.03428247,0.024606859,0,0,0,0,0,0,0,0,0,0,0.038422152,0.051029563,0,0,0,0,0,0,0.026978232,0.027664693,0,0,0,0,0,0,0,0,0,0,0,0,0.04955577,0.030253189,0,0,0,0,0,0.034597913,0.052536144,0.154941118,0,0,0.033228289,0.035733731,0,0,0,0.035512302,0,0,0,0,0,0.037012704,0,0,0,0,0,0,0,0,0.154822068,0.188665681,0.046841087,0,0,0,0.202232688,0,0,0,0.03643213,0,0,0,0,0,0,0,0,0,0,0,0,0,0.034884044,0,0,0.033442992,0,0.033098246,0,0,0,0,0.040406401,0.091071393,0.039890427,0.044248365,0,0,0,0,0,0,0,0.30601247,0,0,0,0.071041713,0,0.185060601,0,0,0,0,0,0,0.035551454,0.042550575,0.044917261,0.026624034,0,0,0,0,0.239288783,0.031823458,0,0,0,0,0.036040475,0.078702639,0,0,0,0,0.042657178,0.03623261,0,0,0,0,0,0,0.037230983,0,0,0,0.040682305,0,0.043128198,0.192031064,0.031602205,0.030170134,0,0.039590959,0,0.063313812,0,0.023991308,0,0,0,0,0,0,0,0.032902393,0,0.033643108,0,0.042903829,0,0.039413501,0.046431764,0,0.057297089,0.033376366,0.041826647,0.04281801,0,0,0.050838431,0.04223429,0,0,0,0,0.20850034,0.061493951
0,0.036427622,1,0.798995335,0.051238411,0.036777291,0.028390659,0,0,0,0.120622751,0,0.024638749,0.025441361,0.073261907,0.027271724,0.057425559,0.076268534,0,0,0.111414254,0.134069449,0,0,0.070674612,0.041347514,0,0,0.13915183,0,0,0.022938108,0.019160521,0,0.084285068,0.018897723,0.067829248,0.060310164,0.07406581,0.096486476,0.045715889,0,0.021568082,0.01598938,0.045016371,0.071417156,0.048595199,0.023867429,0,0.050147443,0.030735703,0.033053201,0,0.102097533,0.121834387,0.167811313,0,0,0.026838707,0.022340734,0,0.055319005,0,0,0.025462505,0.022584577,0,0.078316185,0,0.021813028,0,0,0.070008459,0.196327965,0,0.066687356,0,0,0,0.122626435,0.054451283,0,0,0.017674939,0,0,0.024126217,0.014777232,0,0.131595985,0,0,0,0.115942744,0.052137521,0,0.143977629,0.158032913,0.022620933,0.049468475,0,0.059509231,0.025110579,0.031676729,0.037375356,0.101531462,0.036898087,0.040929119,0.017583515,0.019101352,0,0,0,0.022229678,0.022567163,0.087703143,0,0,0,0.106178595,0,0,0,0,0,0,0,0.067996751,0.032884597,0.039358687,0.067133118,0.039792151,0,0,0,0.024271768,0.036860507,0.047563184,0,0.018026417,0.058312933,0.064805888,0.033336935,0.087742086,0,0.017441635,0,0.01963627,0.063755208,0.033514658,0.021453885,0.021112244,0.024270672,0,0,0,0.155399786,0.317690694,0.031768186,0.166700103,0.060803573,0.022633143,0.137548734,0.117440868,0.029231598,0.027906952,0.14277189,0.059172453,0.145246087,0.197480255,0.123243182,0.167693367,0.07434686,0.058117467,0.053676215,0.103259394,0,0,0,0.156074026,0.021821161,0.197439341,0,0.064123852,0,0.058907224,0.069396686,0,0.085635947,0.049884153,0.062513901,0.154330159,0.018367072,0.022674635,0.075982869,0.134697792,0,0,0.019990595,0.016343069,0,0.091908556
0,0.035884164,0.798995335,1,0.050473994,0.036228617,0.027967103,0,0,0,0.118823201,0,0.024271168,0.025061806,0.072168926,0.026864862,0.056568837,0.075130697,0,0,0.109752085,0.13206929,0,0,0.06962023,0.040730658,0,0,0.137075848,0,0,0.022595899,0.018874668,0,0.083027634,0.018615791,0.066817315,0.059410408,0.072960835,0.095047011,0.045033862,0,0.021246312,0.015750837,0.04434478,0.070351696,0.047870215,0.023511355,0,0.049399302,0.030277162,0.032560087,0,0.100574358,0.120016761,0.165307765,0,0,0.026438305,0.022007436,0,0.054493711,0,0,0.025082635,0.022247641,0,0.077147799,0,0.021487604,0,0,0.068964015,0.193398983,0,0.065692459,0,0,0,0.120796993,0.053638934,0,0,0.01741125,0,0,0.023766282,0.014556773,0,0.129632727,0,0,0,0.114213014,0.051359691,0,0.141829652,0.155675248,0.022283456,0.048730464,0,0.058621423,0.024735959,0.031204149,0.036817759,0.100016732,0.036347611,0.040318505,0.01732119,0.018816382,0,0,0,0.021898038,0.022230488,0.086394715,0,0,0,0.104594535,0,0,0,0,0,0,0,0.066982319,0.032393998,0.038771501,0.06613157,0.039198498,0,0,0,0.023909661,0.036310591,0.046853598,0,0.017757484,0.057442973,0.06383906,0.032839587,0.086433077,0,0.017181426,0,0.01934332,0.062804055,0.033014658,0.021133818,0.020797274,0.023908582,0,0,0,0.153081403,0.152735964,0.031294242,0.164213134,0.059896456,0.022295483,0.135496669,0.115688789,0.028795497,0.027490613,0.140641901,0.05828967,0.143079186,0.194534082,0.121404538,0.165191579,0.073237692,0.057250423,0.052875429,0.101718886,0,0,0,0.153745585,0.021495615,0.194493778,0,0.063167199,0,0.058028398,0.068361369,0,0.08435836,0.04913994,0.061581267,0.152027734,0.018093056,0.022336356,0.074849293,0.132688259,0,0,0.019692359,0.016099249,0,0.090537389
0,0.03428247,0.051238411,0.050473994,1,0.261907232,0.026718788,0,0,0,0,0,0.023187821,0.023943169,0.017344424,0.025665745,0.054043879,0.071777228,0,0,0,0.021360618,0,0,0.130616202,0.159440161,0,0,0,0,0,0.021587328,0.018032195,0,0.019954107,0.017784873,0,0,0.069704218,0.042553569,0.043023769,0,0.142112439,0.10535428,0.042365445,0.067211539,0.045733522,0.022461923,0,0,0.028925737,0.031106763,0,0,0.017185113,0.049950939,0,0,0.025258227,0.021025131,0,0.052061377,0,0.118341215,0.023963068,0.021254615,0,0,0,0.020528502,0,0,0.065885797,0,0,0,0,0,0,0.019537459,0.051244753,0,0,0.016634097,0,0,0.022705471,0.013907029,0,0.013943427,0,0,0,0,0.049067244,0,0.020308485,0.047040287,0.021288831,0.046555373,0,0,0.023631866,0.029811348,0.165165721,0.095552472,0.03472523,0.038518883,0.016548056,0.017976511,0,0,0,0.020920616,0.021238227,0.082538475,0,0,0,0.099925944,0,0,0,0,0,0,0,0.016097922,0.030948087,0.03704093,0.063179779,0.037448868,0,0,0,0.022842451,0.034689863,0.044762281,0,0.016964876,0,0,0.031373788,0.082575125,0,0.114923213,0,0.018479929,0.060000788,0.031541045,0.020190507,0.019868985,0.022841419,0,0,0,0.052368404,0.01681277,0.029897419,0.018076146,0.057222969,0.021300321,0.060663317,0.051795115,0.027510206,0.026263566,0.023556876,0.055687903,0.02396511,0.106026211,0.017383827,0.123789021,0,0,0,0.013981711,0,0,0,0.063917742,0.020536155,0.047321766,0,0.060347723,0,0.211950292,0.06531005,0,0.080593013,0.046946572,0.224927244,0.037273736,0.01728547,0.02133937,0.071508385,0.059405961,0,0,0.018813388,0.015380657,0,0.08649624
0,0.024606859,0.036777291,0.036228617,0.261907232,1,0.075470538,0,0.025989397,0,0.050845691,0,0.016643476,0.049815551,0.012449272,0.01842205,0.254434091,0.051519397,0,0.051199735,0,0.04444236,0.059998426,0.039848231,0.127974582,0.262804952,0.036153851,0.097647803,0,0.0274573,0,0.145100873,0.072652629,0.024157232,0.014322419,0.037002757,0.029239876,0.025998544,0.220431118,0.154103521,0.076203534,0.037190447,0.057334166,0.094715153,0.075037512,0.087317653,0.032826058,0.072216281,0,0.021617592,0.045037034,0.022327438,0,0,0.048541487,0.035853185,0.056086513,0.101216981,0.018129547,0.015091166,0.048117937,0.079170649,0,0.026873502,0.049856953,0.015255882,0.132907211,0.081383906,0,0.042711081,0,0,0.100193687,0.071707951,0.076599596,0.028747628,0.032387515,0.06885662,0.025555043,0.014023363,0.074835624,0.076101972,0.091597909,0.044350561,0.156172936,0.04410726,0.064134425,0.00998202,0,0.010008145,0,0.023807017,0,0,0.074617419,0.048554446,0.01457678,0.07153499,0.015280441,0.057596019,0,0.025653277,0.066751143,0.021397631,0.070882601,0.090762035,0.069977458,0.077622336,0.099864058,0.012902964,0.064114625,0.145540472,0,0.015016148,0.015244119,0.059243475,0.049556496,0,0,0.097673555,0.041076122,0,0.076838988,0.045412479,0,0,0,0.011554573,0.022213546,0.175639991,0.092265021,0.253907146,0,0,0.049556496,0.095651186,0.024899273,0.068070786,0.055947416,0.068352347,0.06399948,0.043189049,0.103928322,0.286252191,0,0.034151658,0,0.013264301,0.189745199,0.063560763,0.057030598,0.056122418,0.047523279,0,0.073602833,0.034987062,0.064787615,0.070402314,0.02145941,0.075692616,0.041072815,0.015288688,0.043542186,0.1421337,0.019745945,0.018851147,0.066539325,0.039970994,0.067692433,0.099229305,0.012477555,0.033452759,0,0,0,0.029089994,0.053296859,0.043291775,0,0.139658966,0.014740195,0.033966049,0.079458623,0.136585386,0.042688776,0.06858553,0.25503361,0.050545513,0.057847085,0.128828558,0.042228142,0.075113147,0.012406957,0.015316717,0.108744056,0.042639697,0,0.079138804,0.092777856,0.126779118,0,0.202535099
0,0,0.028390659,0.027967103,0.026718788,0.075470538,1,0,0,0,0.051495176,0,0.033712147,0.192141288,0.02521659,0.037314734,0.11784277,0.039770999,0,0.051853743,0,0.031055625,0,0,0.092576388,0.053205078,0,0,0,0,0,0.077447595,0.026216522,0,0.029010738,0.025856947,0,0,0.095306265,0.02357848,0.364308268,0.115895352,0.072821875,0.086094613,0.358733836,0.314093289,0,0.029514537,0,0,0,0.125871994,0,0,0.189888253,0.112044361,0,0.10413561,0.036722255,0.030567871,0.048732578,0.071183287,0,0,0.192300976,0.170565939,0,0.032050565,0.154886679,0.164738961,0,0,0.201366389,0.184447908,0.047107113,0,0,0,0,0.028404984,0.028394173,0.029970437,0.148295729,0.024183864,0.164036291,0.044670671,0.081459091,0.020219054,0,0.020271972,0,0,0,0,0.067089423,0.049174664,0.029525957,0.198092954,0.030951256,0.025795837,0,0,0.365852866,0.043341914,0.04621848,0.02365949,0.045628288,0.155734541,0.024058772,0.026135564,0.039429123,0.082538173,0.099745244,0.030415919,0.030877685,0.045733692,0.050189513,0,0.100923848,0.055367903,0.041600814,0,0.040429884,0,0,0,0,0.023404334,0,0,0.035007244,0.114454764,0,0,0.050189513,0.232048647,0,0.061203266,0.056662069,0.024664776,0.039358311,0.043740731,0.082449114,0.080461718,0,0.023864644,0,0.026867469,0.082038809,0.041444329,0.072436303,0.071282796,0.183299868,0.179617809,0,0,0.029016776,0.060318192,0.175965167,0.144959834,0.128356167,0.125365821,0.033612899,0.028699123,0,0,0.188911993,0.030856075,0.085978226,0.074017494,0.025273877,0.037396295,0,0,0,0.020327632,0.166087228,0.043844769,0,0.051286391,0.029856962,0.026220488,0.041808241,0.082513171,0.043234067,0.030717769,0.199606737,0.114964443,0.180777236,0.105305302,0.032598507,0.048976976,0.025130879,0.031024734,0.097773095,0.032916212,0,0,0.331399795,0.270931891,0,0.349562749
0,0,0,0,0,0,0,1,0,0,0,0,0,0,0,0,0,0,0.089315805,0,0,0,0,0,0,0,0,0,0,0,0,0,0,0,0,0,0,0,0,0,0,0,0,0,0.066968986,0.05863542,0,0,0,0,0,0.060560367,0,0,0,0,0,0,0,0,0,0,0,0,0,0,0.067164857,0,0,0,0,0,0,0,0,0,0,0,0,0,0.061743991,0.044405597,0.071408689,0,0,0,0,0.043966948,0,0,0,0,0,0,0,0,0,0,0,0,0,0,0.074711932,0,0,0,0,0,0,0,0,0,0.071155446,0.066140339,0.067144464,0,0,0,0.071996229,0,0,0,0,0.073683814,0,0,0,0,0,0,0,0.045121549,0,0,0,0,0.067536145,0,0,0,0,0,0,0,0,0.051894392,0,0,0,0,0,0,0,0,0,0,0,0.053153422,0,0,0.06894705,0.067340773,0,0,0,0,0,0,0,0,0.329077778,0.405847707,0,0,0.053678218,0,0,0,0.083334346,0,0,0.057017247,0,0,0.06405761,0.066796721,0,0,0,0.056565182,0,0,0,0,0,0,0,0,0.059478356,0.04862581,0,0
0,0,0,0,0,0.025989397,0,0,1,0.639180306,0,0,0,0.047174083,0,0,0,0,0.217166318,0.233907572,0.041417877,0.042085805,0,0.039639137,0.028494005,0.029219035,0.103688569,0.033929237,0.051729228,0.078747024,0,0,0.035527973,0.034924866,0,0.035040686,0.083859416,0.074563339,0,0.031952966,0,0,0,0.029647955,0,0,0.054586668,0.026810127,0,0.061998849,0.035095222,0.037128445,0.047021966,0.037954417,0,0,0.033372137,0.045544242,0,0.040752,0.044267224,0,0,0.038851861,0.047213289,0,0.041177536,0.029594446,0,0.040446327,0,0,0,0,0.086287872,0.082447659,0.046823642,0.0409705,0.036945725,0,0,0.027673724,0.043779351,0,0,0,0,0,0,0,0.048642211,0.068278081,0.042268493,0.043101328,0,0,0,0,0.041263116,0.069347967,0.041504602,0.037087745,0,0,0,0.032062748,0,0,0,0,0.036407566,0.075594138,0.043624093,0,0.041165033,0,0.045590661,0,0.044139561,0.037516598,0,0,0.036725304,0.045174188,0.042785729,0.030063318,0,0,0.036939053,0,0,0,0.064406208,0,0.045590661,0.04500539,0,0,0,0.033425086,0.036342181,0.039732778,0.037447161,0.027708184,0,0.032340767,0,0,0,0.037646796,0,0,0.045003358,0.05298184,0.043794553,0,0.039322807,0.033125398,0,0.035614568,0,0,0,0,0,0,0,0,0,0.033435551,0,0,0,0,0,0.027547498,0.049031696,0,0.051090752,0,0,0,0.037977362,0,0.03927254,0.04162795,0,0.050280287,0,0,0,0,0,0,0,0,0,0,0,0.030303775,0,0
0,0,0,0,0,0,0,0,0.639180306,1,0,0,0,0,0,0,0,0,0.568875257,0.274890857,0.048674763,0,0,0.046584367,0,0,0.060429156,0,0.060792781,0.045893354,0,0,0,0,0,0,0.04887283,0.043455124,0,0,0,0,0,0,0,0,0.064150878,0.031507568,0,0.036132605,0,0.043633773,0.055260753,0.044604466,0,0,0,0.053524115,0,0.047892217,0.052023349,0,0,0,0,0,0.048392312,0,0,0,0,0,0,0,0.050288121,0.048050065,0,0,0,0,0,0,0.051449994,0,0,0,0,0,0,0,0.057164883,0.039792109,0.049674417,0.050653174,0,0,0,0,0.048492886,0.040415633,0.048776684,0,0,0,0,0,0,0,0,0,0,0.044055869,0.051267533,0,0.048377619,0,0.053578666,0,0.051873318,0,0,0,0.043159998,0.053089223,0.050282279,0.035330756,0,0,0.043411198,0,0,0,0.075690913,0,0.053578666,0,0,0,0,0,0,0.046694416,0.044008332,0,0,0,0,0,0,0.044242945,0,0,0,0.062264865,0,0,0,0,0,0,0,0,0,0,0,0,0,0,0,0,0,0,0,0,0,0,0.05762261,0,0.060042437,0,0,0,0.044631431,0,0.046153539,0,0,0.059089969,0,0,0,0,0,0,0,0,0,0,0,0,0,0
0,0,0.120622751,0.118823201,0,0.050845691,0.051495176,0,0,0,1,0.399961116,0,0,0,0.128061157,0.079392531,0,0.140961305,0.168090376,0,0,0,0,0.083618565,0.028582079,0,0,0,0,0,0.041605302,0.215581328,0,0.099562512,0.088738956,0,0,0.051199084,0,0.0414599,0.034020937,0.140398627,0.133085404,0.040825505,0.035745212,0,0.026658668,0,0,0,0,0,0,0.033120903,0,0.084513429,0.36802384,0,0,0.044017145,0.038240079,0,0,0,0,0,0.028949307,0,0,0,0,0.173682155,0.150508118,0.042548962,0,0,0,0.107154897,0.111644607,0,0.027070455,0.043532027,0,0,0.040348273,0.043760301,0,0.137668522,0.079678139,0,0,0,0,0.036040831,0.176109776,0,0.034551993,0,0,0,0,0.045545744,0,0.041746314,0,0.04121323,0.045715681,0,0,0.035613905,0.074551661,0,0,0,0,0.045333104,0,0,0,0.03757546,0,0.036517831,0,0,0,0,0.09198976,0,0,0.25773655,0.098719306,0,0,0.045333104,0.044024302,0,0.032878753,0.051179366,0,0.035549945,0.039508315,0.07447122,0.054208327,0.109450337,0,0,0.105601469,0.044071729,0.037434117,0.255031634,0.250970399,0,0,0.110907729,0.102608202,0.12328292,0.136256396,0,0.146495227,0,0,0,0,0.096806661,0,0.190912921,0,0.194221389,0.104825484,0,0,0,0,0,0,0.0487547,0.039602287,0,0.108949665,0,0.111402394,0.037762816,0.044326559,0.039050677,0,0.047971484,0,0,0,0,0.186021132,0,0,0.05252428,0,0,0,0.072518161,0.059286345,0,0.063533146
0,0,0,0,0,0,0,0,0,0,0.399961116,1,0,0,0,0.135507481,0,0,0.149157729,0.128304591,0,0,0,0,0,0,0,0,0,0,0,0,0,0,0.105351736,0.093898827,0,0,0,0,0,0,0.10716728,0.079447877,0,0,0,0,0,0,0,0,0,0,0,0,0.089427599,0.389423185,0,0,0,0,0,0,0,0,0,0,0,0,0,0,0.132572836,0.0898487,0,0,0,0,0,0,0,0,0,0,0.563838027,0.472848649,0,0,0,0,0,0,0,0,0,0,0,0,0,0,0,0,0,0,0,0,0,0,0,0,0,0,0,0,0,0,0,0,0,0,0,0,0,0,0,0,0,0,0,0,0.127127892,0.075353155,0,0,0,0,0,0,0,0,0,0,0,0,0,0,0,0,0,0,0.106599859,0.104902317,0,0,0.117356639,0,0,0,0,0,0,0,0,0,0,0,0,0,0,0,0,0,0,0,0,0,0,0,0,0,0,0,0,0,0,0,0,0,0,0,0,0,0,0,0,0,0,0,0,0,0,0
0,0,0.024638749,0.024271168,0.023187821,0.016643476,0.033712147,0,0,0,0,0,1,0.55076682,0.021884142,0.032383481,0.0259878,0.034515144,0,0,0,0.026951532,0,0,0,0.018711719,0,0,0.230485116,0.173996563,0.351033193,0.027237582,0.02275193,0,0.025176883,0.022439875,0,0,0.033518306,0.020462514,0.054284784,0,0.02561076,0.018986397,0.05345415,0.046802359,0,0,0,0,0,0,0,0,0.021683133,0.024019649,0,0,0.0318693,0.026528236,0,0.025034484,0,0,0.030235146,0.026817785,0,0,0,0.025901619,0,0,0.031682162,0,0,0,0,0,0,0.024651181,0.024641799,0,0,0.020987895,0,0,0.028648387,0.017547046,0,0.01759297,0,0,0,0,0.023594711,0,0.025624015,0.022620019,0.026860956,0.022386841,0.184928199,0,0.029817256,0.037614152,0,0.020532818,0,0,0.020879334,0.022681671,0,0,0,0.207068661,0.026797107,0.039689849,0,0,0,0.048050871,0,0,0,0,0,0,0,0.020311382,0,0,0.030380933,0.018007843,0,0,0,0.028821219,0,0.021524606,0,0.021405252,0,0,0,0.017744178,0,0.02071086,0,0.023316854,0.028852268,0,0.025475158,0.025069481,0.028819918,0,0,0,0.229842858,0.021213334,0.037722751,0.022807386,0.027516513,0.026875453,0.029170854,0.024906449,0,0,0.029722638,0.026778353,0.030237723,0.064235862,0.021933859,0.032454263,0,0,0,0.017641275,0,0,0,0.044508742,0.025911276,0.022755372,0,0.029019097,0,0.026658324,0.031405305,0,0.038754344,0.022574955,0.028290517,0,0.021809759,0.026924723,0.034385866,0.028566237,0,0,0.023737592,0.019406381,0,0.041592999
0,0,0.025441361,0.025061806,0.023943169,0.049815551,0.192141288,0,0.047174083,0,0,0,0.55076682,1,0.022597023,0.033438379,0.026834358,0.035639481,0,0,0,0.080668574,0,0,0.035774469,0.056006007,0.065623869,0.042598449,0,0.049838515,0,0.028124851,0.068098755,0.043848469,0.025997025,0.067164741,0.053074118,0.047190687,0.034610172,0.061246308,0.056053121,0,0.026445036,0.056828144,0.055195429,0.048326955,0,0,0,0.039238697,0.044062353,0.112796074,0,0,0.022389466,0.024802094,0.041899004,0,0.032907449,0.027392398,0,0.025849988,0,0.048778846,0.231600927,0.152847093,0,0.037156082,0.366284009,0.396528304,0,0,0.032714214,0.100207411,0.054611072,0.052180625,0.058787485,0.051438815,0.046385675,0.025454199,0.02544451,0.034744598,0,0.02167158,0.146995763,0,0.029581614,0.15233646,0,0.018166065,0,0.043212785,0,0,0.024363314,0,0.026458722,0.023356871,0.027735957,0.067006006,0,0.046563983,0.030788559,0.03883944,0,0.061456734,0,0,0.021559482,0.023420531,0.045710012,0.047843073,0,0.027256232,0.027670028,0.040982753,0,0,0,0.096718548,0,0,0,0,0,0,0,0.020973029,0,0,0.031370598,0.018594452,0,0,0,0.220770258,0,0.022225774,0,0.064068016,0.04562792,0,0,0.05311006,0,0.061989631,0,0.024076405,0.029792136,0,0.026305017,0.025886124,0.220760289,0.16095863,0.054984438,0,0.286700158,0.063493585,0.038951577,0.068264738,0.028412869,0.027750927,0.030121101,0.025717781,0,0,0.030690859,0.027650663,0.031222723,0.10830698,0.022648359,0.033511468,0,0,0,0.052802064,0,0,0,0.045958623,0.026755341,0.023496633,0,0.029964399,0,0.079790974,0.032428339,0,0.040016775,0.023310339,0.029212087,0,0.022520216,0.027801802,0.035505993,0.029496788,0,0,0.024510849,0.058085197,0,0.140002923
0,0,0.073261907,0.072168926,0.017344424,0.012449272,0.02521659,0,0,0,0,0,0.021884142,0.022597023,1,0.024222751,0.0194388,0.025817229,0,0,0,0.020159669,0,0,0.040608625,0.117677049,0,0,0,0,0,0.020373633,0.017018379,0,0.074862017,0.016784962,0.060245953,0.053567502,0.025071597,0.060844113,0.040604863,0,0.019156775,0.014201771,0.039983551,0.03500803,0,0,0,0.04454097,0,0,0,0,0.016218922,0.017966629,0.236835179,0,0.023838145,0.019843045,0,0.018725723,0,0,0.022615803,0.020059626,0,0,0,0.019374337,0,0,0.023698166,0.214544634,0,0.059231724,0,0,0,0.018439013,0.018431995,0,0,0.015698885,0,0,0.021428911,0.013125141,0,0.052311689,0,0,0,0,0.017648777,0,0.01916669,0.01691971,0.020091918,0.016745293,0,0.052856113,0.022303222,0.028135278,0,0.015358489,0,0,0.131309068,0.016965825,0,0,0,0.019744405,0.02004416,0.029687893,0,0,0,0.035941914,0,0,0,0,0,0,0,0.060394729,0,0,0.022724851,0.013469815,0,0,0,0.02155819,0,0.016100344,0,0.016011068,0.051793561,0.057560604,0,0.013272594,0,0.015491664,0,0.01744094,0.021581414,0,0.019055345,0.0187519,0.021557216,0,0,0,0.018836156,0.063076632,0.02821651,0.067816454,0.020582273,0.020102762,0.086737863,0.074057897,0,0,0.022232448,0.168407699,0.022617731,0.048048241,0.016406464,0.060388294,0.066034898,0.051619947,0.047675226,0.091715018,0,0,0,0.033292412,0.01938156,0.067661795,0,0.021706201,0,0.01994035,0.023491079,0,0.028988139,0.016886002,0.021161226,0,0.016313637,0.020139616,0.02572053,0.084940067,0,0,0.017755651,0.014515917,0,0.031111444
0,0,0.027271724,0.026864862,0.025665745,0.01842205,0.037314734,0,0,0,0.128061157,0.135507481,0.032383481,0.033438379,0.024222751,1,0.028764939,0.038203541,0.149911363,0.128952862,0,0.029831658,0,0,0,0.020711313,0,0,0,0,0,0.030148276,0.025183274,0,0.133751401,0.119211131,0,0,0.037100178,0.022649203,0.060085828,0,0.13605636,0.100864639,0.059166429,0.051803807,0,0,0,0,0,0,0.231900458,0,0.024000261,0.026586465,0.089879441,0.12468708,0.035274954,0.029363127,0,0.027709749,0,0,0.03346617,0.029683618,0,0.143581808,0,0.028669548,0,0,0.168310491,0.252974904,0,0,0,0,0,0.027285485,0.027275099,0,0,0.023230728,0,0,0.031709844,0.019422179,0,0.019473011,0,0,0,0,0.026116117,0,0.028362278,0.025037266,0.029731402,0.024779169,0,0,0.033003622,0.041633719,0,0.02272702,0,0,0.023110566,0.025105507,0,0,0,0.029217164,0.029660731,0.043931232,0,0,0,0.053185739,0,0,0,0,0,0,0,0.02248192,0,0,0.161397753,0.095666103,0,0,0,0.031901146,0,0.023824794,0,0.023692686,0,0.195952025,0,0.019640377,0,0.022924088,0,0.025808566,0.031935512,0,0.593670969,0.584217095,0.031899706,0,0.117949595,0,0.027873164,0.023480258,0.041753924,0.025244655,0.030457014,0.02974745,0.032288144,0.027568031,0,0,0.032898893,0.029639973,0.033469022,0.07110031,0.024277781,0.035922429,0,0,0,0.019526478,0,0,0,0.049265087,0.028680237,0.025187084,0,0.032120169,0,0.029507117,0.034761376,0,0.042895756,0.024987386,0.031313732,0,0.024140419,0.029801985,0.038060449,0.031618915,0,0,0.026274266,0.021480208,0,0.046037758
0,0.038422152,0.057425559,0.056568837,0.054043879,0.254434091,0.11784277,0,0,0,0.079392531,0,0.0259878,0.026834358,0.0194388,0.028764939,1,0.329612216,0,0.079945351,0,0.023939958,0.093683985,0.062220649,0.169050192,0.092398462,0,0,0,0,0,0.405789068,0.075071309,0,0.022363608,0.019932435,0,0,0.344190119,0.097033227,0.118987299,0.058070678,0.089523901,0.115871259,0.117166625,0.136341337,0.051255943,0.227598664,0,0,0.032418582,0.034862971,0,0,0.075794653,0.055982622,0.051532681,0,0.028308213,0.023563961,0.075133305,0.123620273,0,0,0.02685666,0.023821155,0.06463544,0.095113099,0,0.023007362,0,0,0.156446501,0.111967713,0.072627249,0,0,0.063265945,0,0.021896649,0.116851389,0.08894012,0.143024702,0.069250771,0.075950028,0.068870871,0.100142102,0.015586333,0,0.142632262,0,0,0,0,0.116510674,0.075814889,0.022760778,0.111697645,0.023859502,0.052177034,0,0,0.104227952,0.033411132,0.110678979,0.107090638,0.10926565,0.121202675,0.018546269,0.020147213,0.060789731,0.346669073,0,0.023446825,0.023802788,0.092505173,0.077379529,0,0,0.111992216,0.064137929,0,0.119979523,0.070908894,0,0,0,0.018041781,0.034685135,0.041513702,0.144066359,0.132345001,0,0,0.077379529,0.100746248,0.038878739,0.106288496,0.087358573,0.070627867,0.060680557,0.067437139,0.162277911,0.322450747,0,0.018396621,0,0.02071142,0.296275876,0.099246362,0.089049897,0.087631827,0.025599569,0,0.067626799,0.054630223,0.058692001,0.074152442,0.033507597,0.079724543,0.064132766,0.02387238,0.067988542,0.058049487,0.030832122,0.029434948,0.10389721,0.062412336,0.10569772,0.118829103,0.019482962,0.052234499,0,0,0,0.015670033,0.083219885,0.067597539,0,0.071635946,0.02301594,0.053035971,0.124069928,0.21326998,0.066655992,0.062132585,0.398219859,0.078923821,0.090324792,0.052615472,0.06593674,0.117284725,0.019372728,0.023916145,0.169797395,0.066579359,0,0,0.14486712,0.165228931,0,0.316246547
0,0.051029563,0.076268534,0.075130697,0.071777228,0.051519397,0.039770999,0,0,0,0,0,0.034515144,0.035639481,0.025817229,0.038203541,0.329612216,1,0,0,0,0.031795346,0,0,0.034957445,0.057921585,0,0,0,0,0,0.032132805,0.026840978,0,0.029701751,0.026472839,0,0,0.103754946,0.176891966,0.064041014,0,0.030213606,0.022398692,0.063061096,0.100044585,0.06807449,0.130282426,0,0,0.04305605,0.046302513,0,0,0.025580094,0.207642269,0,0,0.03759695,0.031295973,0,0.2164152,0,0,0.035669101,0.03163756,0,0,0,0.030556739,0,0,0.098071214,0,0,0,0,0,0,0.029081569,0.076277974,0,0,0.024759905,0,0,0.033797164,0.020700656,0,0.189434004,0,0,0,0,0.073036745,0,0.030229243,0.070019614,0.031688491,0.069297817,0.290181277,0,0.035176106,0.044374284,0.052357195,0.142230152,0.051688613,0.057335477,0.024631833,0.026758092,0,0,0,0.031140402,0.031613167,0.122858777,0,0,0,0.148740079,0,0,0,0,0,0,0,0.023961807,0.046066324,0.05513554,0.094043298,0.055742757,0,0,0,0.034001059,0.051635969,0.066628795,0,0.025252271,0,0,0.181972543,0.122913331,0,0.024433081,0,0.027507431,0.089311359,0.046948943,0.030053633,0.029575046,0.033999523,0,0,0,0.077950532,0.025025861,0.044502402,0.0269064,0.085176568,0.031705594,0.090297536,0.077097191,0.040949027,0.0390934,0.035064483,0.231490394,0.035672141,0.157820345,0.025875881,0.069374139,0,0,0,0.02081182,0,0,0,0.095141757,0.030568131,0.070438596,0,0.250860913,0,0.082520071,0.271488933,0,0.335019052,0.195153346,0.087572477,0.055482073,0.025729477,0.031763719,0.297254942,0.088425958,0,0,0.028003786,0.022894156,0,0.128749923
0,0,0,0,0,0,0,0.089315805,0.217166318,0.568875257,0.140961305,0.149157729,0,0,0,0.149911363,0,0,1,0.418677349,0,0,0,0,0,0,0,0,0,0,0,0,0,0,0.116550188,0.103879882,0,0,0,0,0,0,0.118558717,0.087892857,0.088397268,0.077397183,0,0,0,0,0,0.079938061,0,0,0,0,0.098933382,0.137247342,0,0,0,0,0,0,0,0,0.088655812,0,0,0,0,0,0.146664777,0.099399243,0,0,0,0,0,0,0.081500414,0.058614199,0.094257556,0,0,0,0,0.058035194,0,0,0,0,0,0,0,0,0,0,0,0,0,0,0.098617749,0,0,0,0,0,0,0,0,0,0.093923282,0.087303475,0.088628893,0,0,0,0.095033094,0,0,0,0,0.09726066,0,0,0,0,0,0,0.140641058,0.142922117,0,0,0,0,0.089145902,0,0,0,0,0,0,0,0,0.068499208,0,0,0,0,0.117930981,0.116052997,0,0,0.129831162,0,0,0.070161092,0,0,0.091008258,0.088888016,0,0,0,0,0,0,0,0,0,0.053669701,0,0,0.07085381,0,0,0,0.109999104,0,0,0.075261238,0,0,0.084554329,0.088169882,0,0,0,0.074664524,0,0,0,0,0,0,0,0,0.078509836,0.064184766,0,0
0,0,0,0,0,0.051199735,0.051853743,0,0.233907572,0.274890857,0.168090376,0.128304591,0,0,0,0.128952862,0.079945351,0,0.418677349,1,0.052778701,0,0,0.050512056,0.084200811,0.0287811,0.065524147,0,0.06591843,0.049762781,0,0.041895005,0,0,0.100255778,0.089356856,0.052993467,0.047118976,0.05155559,0,0.04174859,0.034257829,0.14137624,0.134012094,0.041109778,0.03599411,0.06955966,0.061008375,0,0.03917907,0,0.047312687,0.059919978,0.048365222,0.033351528,0,0.085101906,0.176096264,0,0.051930175,0.100733258,0.038506349,0,0,0,0,0.052472435,0.029150885,0,0,0,0,0.174891525,0.151556124,0.097373321,0.219501658,0,0,0,0,0,0.02725895,0.278868315,0,0,0.040629223,0.04406501,0,0,0.110651692,0.061984652,0.043147119,0.053862638,0.054923918,0.036291788,0.04472573,0,0.034792582,0.052581489,0.043823214,0.052889214,0,0.045862885,0,0.042036999,0,0.041500202,0.046034005,0,0,0.035861889,0.276326198,0.055590076,0,0.052456502,0,0.103744832,0,0.056246936,0,0.037837103,0,0.083571075,0.057565359,0.054521752,0.038309613,0,0.12774925,0.047071346,0,0.120978601,0.099406701,0.082072675,0,0.103744832,0.044330849,0,0.033107692,0.051535734,0,0.035797484,0.0904148,0.122708599,0.054585786,0,0,0,0,0.044378606,0.085667996,0.140627692,0.138388276,0,0.067514631,0.111679993,0,0,0.032628915,0,0.035080777,0,0,0,0,0,0,0.04571735,0,0.046509619,0,0,0,0,0,0,0,0.111575156,0.039878042,0.065104821,0,0,0,0.086420224,0.04463521,0.250160565,0,0.048305515,0.064072048,0,0,0,0.044545928,0,0,0.052890013,0,0,0,0.073023114,0.059699163,0,0.063975536
0,0,0.111414254,0.109752085,0,0,0,0,0.041417877,0.048674763,0,0,0,0,0,0,0,0,0,0.052778701,1,0.531976595,0,0.044416043,0,0,0.057616411,0,0.210234232,0.043757194,0,0,0,0,0,0,0.046597987,0.041432455,0,0,0,0,0,0,0,0,0.0611649,0.030041012,0.180024061,0.171080384,0,0.041602788,0.052688577,0.154251629,0,0,0,0.225505871,0,0.045663018,0.049601861,0,0,0,0,0,0.046139835,0.085699867,0,0,0,0,0,0.097094395,0.047947401,0.045813519,0,0,0,0.111470473,0,0,0.049055194,0,0,0,0,0,0,0.079553864,0.054504077,0.167650679,0.209286463,0.175169336,0,0,0,0,0.046235728,0.03853444,0.046506316,0,0.175470141,0,0,0,0,0,0,0,0,0.042005237,0.215998523,0,0.046125826,0,0.051084785,0,0.049458814,0,0,0,0.041151065,0.050618123,0.047941832,0.033686244,0,0,0.041390573,0,0,0,0.072167791,0,0.051084785,0,0,0,0,0,0,0.04452097,0.041959913,0,0,0,0,0,0,0.042183606,0,0,0,0.059366674,0,0,0,0,0,0,0,0,0,0,0,0,0,0,0,0,0,0,0,0,0,0,0.054940498,0,0.057247691,0,0,0,0.042554009,0,0.044005269,0,0,0.056339557,0,0,0,0,0,0,0,0,0,0,0,0,0,0
0,0,0.134069449,0.13206929,0.021360618,0.04444236,0.031055625,0,0.042085805,0,0,0,0.026951532,0.080668574,0.020159669,0.029831658,0.023939958,0.031795346,0,0,0.531976595,1,0,0,0.031915773,0.049965103,0.224603524,0.145796978,0.152213695,0.17057675,0,0.025091256,0.173625965,0.039118898,0.023192941,0.059920236,0.047349452,0.042100618,0.030877059,0.054640176,0.050007135,0,0.023592629,0.050698563,0.049241955,0.043114326,0,0,0.179956168,0.171584429,0.039309712,0,0,0.111681196,0.019974499,0.022126897,0.037379706,0,0.029357995,0.024437807,0,0.023061764,0,0.043517476,0.080735617,0.024704539,0,0.118815909,0,0.069163984,0,0,0.029185603,0.097057778,0.18691125,0.046552333,0.052446566,0.045890536,0.041382436,0.134137099,0.022700022,0.030996986,0,0.019334046,0,0,0.02639089,0.016164337,0,0.095730503,0,0.038551779,0,0.126826025,0.021735445,0,0.023604839,0.020837558,0.024744309,0.059778623,0,0.041541512,0.027467652,0.034650151,0,0.054827905,0,0,0.01923404,0.020894353,0.15644658,0.163747171,0,0.024316328,0.024685492,0.036562283,0,0,0,0.086286319,0,0,0,0,0,0,0,0.018710842,0,0,0.027986911,0.016588823,0,0,0,0.076960068,0,0.019828464,0,0.163349111,0.040706414,0,0,0.047381518,0,0.055303323,0,0.021479482,0.026578705,0,0.023467712,0.023094002,0.076956593,0,0.049053722,0,0.067242744,0.056645057,0.034750193,0.060901586,0.025348208,0.024757664,0.026872187,0.022943817,0,0,0.02738049,0.024668215,0.027854987,0.096624803,0.020205468,0.029896863,0,0,0,0.047106742,0,0,0,0.041001447,0.023869464,0.020962246,0,0.026732388,0,0.071184582,0.028930563,0,0.035700497,0.020796045,0.026061221,0,0.020091147,0.024803051,0.031676256,0.026315213,0,0,0.021867066,0.051820028,0,0.038315465
0,0,0,0,0,0.059998426,0,0,0,0,0,0,0,0,0,0,0.093683985,0,0,0,0,0,1,0.560964082,0,0,0,0,0,0,0,0.196378699,0.082018928,0,0,0,0,0,0,0.073765762,0,0,0,0,0,0,0,0.062914993,0,0,0,0,0,0,0,0,0.077042021,0,0,0,0,0,0,0,0,0,0.096630814,0.068320947,0,0,0,0,0,0,0,0,0,0.094583401,0,0,0.088831755,0.063886818,0.10273646,0.075659717,0.113546269,0,0,0,0,0,0,0,0,0,0,0,0,0,0,0,0,0,0,0,0,0,0,0,0,0,0,0.087971711,0,0,0,0,0,0,0,0,0,0,0.086182815,0.106009708,0,0,0,0,0,0,0.109520884,0.064916865,0,0,0,0,0,0,0,0.077164259,0,0,0,0.063966371,0,0,0,0,0,0,0,0,0,0,0.101102934,0.081672886,0,0,0,0,0,0,0,0,0,0,0,0,0,0,0,0,0,0,0,0,0,0,0,0,0,0,0.089121005,0.104611571,0,0,0.113213667,0.117992127,0,0,0,0,0,0,0,0,0,0,0,0.069958484,0,0
0,0,0,0,0,0.039848231,0,0,0.039639137,0.046584367,0,0,0,0,0,0,0.062220649,0,0,0.050512056,0.044416043,0,0.560964082,1,0,0,0.055142005,0,0.055473815,0.041877989,0,0.130425815,0.054473248,0,0,0,0.04459678,0.039653088,0,0.04899187,0,0,0,0,0,0,0.0585381,0.070536146,0,0.032971241,0,0.039816107,0.050425802,0.04070187,0,0,0.051167813,0.048841108,0,0.043701965,0.04747165,0,0,0,0,0,0.108336104,0.045375671,0,0,0,0,0,0,0.045888243,0.043846002,0,0.062818,0,0,0.058998018,0.042430724,0.115181352,0.050249749,0.075412276,0,0,0,0,0,0.052163334,0.036310562,0.045328234,0.046221356,0,0,0,0,0.044250079,0.036879532,0.044509046,0,0,0,0,0,0,0,0,0,0,0.098628087,0.046781963,0,0.044144897,0,0.048890887,0,0.047334745,0,0,0,0.096622496,0.118851102,0.045882912,0.032239548,0,0,0.039613005,0,0.072738798,0.043114834,0.069068459,0,0.048890887,0,0,0,0,0.051248997,0,0.042608963,0.040157894,0.042483559,0,0,0,0,0,0.04037198,0,0,0,0.056817101,0.067147979,0.054243423,0,0,0,0,0,0,0,0,0,0,0,0,0,0,0,0,0,0,0,0,0.052581013,0,0.05478912,0,0,0,0.099916601,0.069478256,0.042115409,0,0.075191377,0.132285001,0,0,0,0,0,0,0,0,0,0,0,0.046463249,0,0
0,0.026978232,0.070674612,0.06962023,0.130616202,0.127974582,0.092576388,0,0.028494005,0,0.083618565,0,0,0.035774469,0.040608625,0,0.169050192,0.034957445,0,0.084200811,0,0.031915773,0,0,1,0.158688667,0.039638012,0.025730239,0,0.030103371,0,0.074796688,0.026942641,0.026485274,0.046718696,0.026573107,0.197857956,0.175924786,0.125991918,0.082926895,0.074535289,0.061161758,0.070329299,0.126760011,0.073394793,0.087962663,0.035989518,0.065602281,0,0.131643359,0.049377271,0.024479143,0,0,0.059543706,0.024327454,0.025307762,0,0,0,0.079132622,0.094102091,0,0.117481178,0.035804201,0,0,0.074487093,0,0.030672475,0,0,0.119090037,0.197615323,0.109479252,0.080906586,0.035508712,0.031069981,0.028017793,0,0.024957576,0.069652772,0.078260494,0,0,0.072536842,0.078670877,0,0,0.032645846,0,0.026101309,0,0,0.08869013,0.079850487,0,0.085026361,0,0.049184026,0,0.072197925,0.08188069,0,0.102730317,0.086702608,0.101418491,0.11249823,0.096465677,0.104792748,0.091635226,0.162924693,0,0,0,0.040198463,0.186488068,0,0,0.077117343,0.067551967,0,0.065650594,0,0,0,0,0.037690182,0.024354275,0.029148974,0.030770256,0.067689659,0.148319536,0,0.186488068,0.11327533,0.027298826,0.080908814,0.092008636,0.025347916,0.234009422,0.229436783,0.296986428,0.1723812,0,0.097792776,0,0,0.108452753,0.09211876,0.069956925,0.068842901,0.034128299,0,0.033211602,0,0.055325278,0.122738106,0,0.131961121,0.027869129,0,0.083674656,0.071442491,0.02164887,0.02066784,0.081620862,0.02712151,0.083035329,0.068728536,0,0.046546448,0.055061153,0.043041693,0.03975251,0.08636161,0.087649648,0.071195731,0,0.125358111,0,0.065272272,0.067888789,0.109079845,0.070204065,0.181733988,0.118049362,0,0.03925097,0.022864246,0.159359516,0.108861657,0,0,0.12925299,0.08194035,0,0,0.130370844,0.129563975,0,0.15634387
0,0.027664693,0.041347514,0.040730658,0.159440161,0.262804952,0.053205078,0,0.029219035,0,0.028582079,0,0.018711719,0.056006007,0.117677049,0.020711313,0.092398462,0.057921585,0,0.0287811,0,0.049965103,0,0,0.158688667,1,0.040646601,0.026384945,0,0.030869351,0,0.04298681,0.042179514,0.027159192,0.016102231,0.041600998,0.032873443,0.029229319,0.08771079,0.059187271,0.060195879,0.020906006,0.040419332,0.070841905,0.059274797,0.076202821,0.036905271,0.034507807,0,0.096908911,0.050633675,0.025102014,0,0,0.034220686,0.040308571,0.127202963,0,0.020382461,0.016966508,0.027048717,0.065510303,0,0.120470485,0.056052553,0.017151693,0,0.040803479,0,0.048018682,0,0,0.082905963,0.04030946,0.059971926,0.032320025,0.036412231,0.031860557,0.028730705,0.015766011,0.041352632,0.038155274,0.02675061,0.013423105,0,0.02479418,0.045213366,0.011222461,0,0.011251833,0,0.026765457,0,0,0.061742701,0.027294094,0.0163882,0.059192125,0.017179304,0.064753333,0,0.028841147,0.047058095,0.024056662,0.054037725,0.102040808,0.053347684,0.059175797,0.112273918,0.014506383,0.160657855,0.075445703,0,0.016882168,0.017138468,0.066605515,0.135518496,0,0,0.109811206,0.023090275,0,0.022440358,0,0,0,0,0.012990431,0.024973969,0.029890669,0.050983759,0.132438923,0.152093525,0,0.135518496,0.080484407,0.027993444,0.056325645,0.031449932,0.039682925,0.050106949,0.024278023,0.071080365,0.121493497,0,0.113527035,0,0.014912623,0.075500689,0.048455883,0.040205323,0.039565076,0.053428879,0,0.034056671,0,0.072838611,0.169503457,0.024126118,0.182240601,0.046176833,0.017188576,0.048953066,0.041796754,0.022199725,0.021193732,0.046908768,0.04493809,0.047721684,0.111560286,0.01402811,0.037609851,0,0,0,0.032704936,0.029959964,0.024335768,0,0.051579268,0.016571922,0.038186926,0.023205406,0.075937247,0.023996802,0.077108485,0.082181484,0,0.065035599,0.037884158,0.047475729,0.194471985,0.013948739,0.017220087,0.089981025,0.047938427,0,0,0.059744421,0.072408946,0,0.108840667
0,0,0,0,0,0.036153851,0,0,0.103688569,0.060429156,0,0,0,0.065623869,0,0,0,0,0,0.065524147,0.057616411,0.224603524,0,0.055142005,0.039638012,0.040646601,1,0.339818587,0.071960532,0.26617301,0,0,0.189605687,0.048583982,0,0.0487451,0.116656838,0.103725064,0,0.044449772,0.19830166,0,0,0.041243271,0,0,0.075935517,0.037295569,0,0.086246602,0.048820965,0.051649381,0.065412259,0.052798391,0,0,0.046423981,0.063356597,0,0.056690109,0.061580138,0,0,0.054046826,0.065678408,0,0.057282072,0.041168836,0,0.056264887,0,0,0,0,0.291661849,0.114692942,0.065136371,0.056994065,0.051395199,0,0,0.038496918,0.060901457,0,0,0,0,0,0,0,0.067666182,0.094981641,0.058799702,0.059958259,0,0,0,0,0.057401122,0.096469959,0.057737054,0.051592764,0,0,0,0.04460249,0,0,0,0,0.194299899,0.255515934,0.060685477,0,0.05726468,0,0.06342117,0,0.061402546,0.052189341,0,0,0.051088572,0.062841815,0.05951923,0.041821083,0,0,0.051385918,0,0,0,0.089595479,0,0.06342117,0.062607,0,0,0,0.178382999,0.050555609,0.05527227,0.230189736,0.297821923,0,0.044989242,0,0,0,0.052370459,0,0,0.062604173,0.07370304,0.060922605,0,0.054701959,0.046080743,0,0.049543428,0,0,0,0,0,0,0,0,0,0.046512196,0,0,0,0,0,0.038321325,0.068207994,0,0.071072347,0,0,0,0.05283031,0,0.054632033,0.057908643,0,0.06994491,0,0,0,0,0,0,0,0,0,0,0,0.042155582,0.205868035,0
0,0,0,0,0,0.097647803,0,0,0.033929237,0,0,0,0,0.042598449,0,0,0,0,0,0,0,0.145796978,0,0,0.025730239,0.026384945,0.339818587,1,0,0.137517602,0,0,0.123078817,0.031537341,0,0.031641927,0.038172747,0.033941179,0,0.120054226,0.128723638,0,0,0.026772261,0,0,0,0,0,0.028221832,0.031691173,0,0,0,0,0,0.030135218,0.132139078,0,0,0,0,0,0.035083438,0.042633852,0,0.119469804,0.026723943,0,0.036523249,0,0,0,0,0.150686345,0.037530116,0.042281999,0.036996581,0.033362187,0,0,0.02498952,0,0,0.140383279,0,0,0,0,0,0,0.031080134,0,0,0,0,0,0,0,0.031567145,0,0.033490432,0,0,0,0.028952833,0,0,0,0,0.126125973,0.132011651,0,0,0,0,0,0,0,0.033877688,0,0,0,0,0,0,0,0,0,0,0,0,0,0,0,0.040640108,0,0,0,0.115793829,0.032817183,0,0.115608172,0.272410287,0,0.029203885,0,0,0,0,0,0,0.040638272,0,0.039546716,0,0.035508705,0.029912412,0,0.032160146,0,0,0,0,0,0,0,0,0,0.030192481,0,0,0,0,0,0.024875538,0,0,0,0,0,0,0,0,0,0.037590262,0,0,0,0,0,0,0,0,0,0,0,0,0,0.027364471,0.133635202,0
0,0,0.13915183,0.137075848,0,0,0,0,0.051729228,0.060792781,0,0,0.230485116,0,0,0,0,0,0,0.06591843,0.210234232,0.152213695,0,0.055473815,0,0,0.071960532,0,1,0.492710819,0,0,0,0,0,0,0.058198973,0.051747435,0,0,0,0,0,0,0,0,0.076392449,0.03751999,0,0.043027599,0,0.051960175,0.065805869,0.307955972,0,0,0,0.202097045,0,0.180832053,0.061950689,0,0,0,0,0,0.05762676,0.107035615,0,0,0,0,0,0.121266914,0.059884336,0.057219204,0,0,0,0.139222045,0,0,0.061267924,0,0,0,0,0,0,0.09935951,0.068073355,0.15024756,0.187561307,0.349717169,0,0,0,0,0.183100067,0.152601869,0.397019346,0,0.139149874,0,0,0,0,0,0,0,0,0.052462817,0.193576616,0.207949275,0.057609263,0,0.063802799,0,0.061772028,0.112120858,0,0,0.051395991,0.063219958,0.05987738,0.042072736,0,0,0.051695126,0,0,0,0.090134609,0,0.063802799,0,0,0,0,0,0,0.17630938,0.052406209,0,0,0,0,0,0,0.052685592,0,0,0.269588137,0.074146539,0,0,0,0,0,0,0,0,0,0,0,0,0,0,0,0.099924377,0,0,0,0,0,0,0.068618427,0,0.071500016,0,0,0,0.168519934,0,0.054960774,0,0,0.070365795,0,0,0,0,0,0,0,0,0,0,0,0,0,0
0,0,0,0,0,0.0274573,0,0,0.078747024,0.045893354,0,0,0.173996563,0.049838515,0,0,0,0,0,0.049762781,0.043757194,0.17057675,0,0.041877989,0.030103371,0.030869351,0.26617301,0.137517602,0.492710819,1,0,0,0.143997392,0.036897452,0,0.037019814,0.088595868,0.07877474,0,0.033757697,0,0,0,0.031322496,0,0,0.05766977,0.028324386,0,0.065500597,0.037077431,0.039225491,0.049677807,0.040098115,0,0,0.035257023,0.04811662,0,0.043053708,0.046767475,0,0,0.041046248,0.049879936,0,0.043503279,0.031265966,0,0.04273077,0,0,0,0,0.221504673,0.087104374,0.049468282,0.043284549,0.039032451,0,0,0.029236759,0.046252046,0,0,0,0,0,0,0,0.051389565,0.072134485,0.044655854,0.045535728,0,0,0,0,0.043593692,0.073264799,0.204530649,0.039182493,0,0,0,0.033873679,0,0,0,0,0.147562445,0.1940534,0.046088019,0.15698393,0.04349007,0,0.04816566,0,0.046632602,0.039635567,0,0,0.03879958,0.047725665,0.045202304,0.03176132,0,0,0.039025402,0,0,0,0.068043926,0,0.04816566,0.047547333,0,0,0,0.135474242,0.038394818,0.04197692,0.039562209,0.029273165,0,0.034167401,0,0,0,0.039773119,0,0,0.251061188,0.0559743,0.046268107,0,0.041543793,0.034996349,0,0.03762611,0,0,0,0,0,0,0,0,0,0.035324019,0,0,0,0,0,0.029103404,0.051801048,0,0.053976401,0,0,0,0.040122356,0,0.041490687,0.043979133,0,0.053120161,0,0,0,0,0,0,0,0,0,0,0,0.032015358,0,0
